1350000.0000000
1355033.5570470
1360067.1140940
1365100.6711409
1370134.2281879
1375167.7852349
1380201.3422819
1385234.8993289
1390268.4563758
1395302.0134228
1400335.5704698
1405369.1275168
1410402.6845638
1415436.2416107
1420469.7986577
1425503.3557047
1430536.9127517
1435570.4697987
1440604.0268456
1445637.5838926
1450671.1409396
1455704.6979866
1460738.2550336
1465771.8120805
1470805.3691275
1475838.9261745
1480872.4832215
1485906.0402685
1490939.5973154
1495973.1543624
1501006.7114094
1506040.2684564
1511073.8255034
1516107.3825503
1521140.9395973
1526174.4966443
1531208.0536913
1536241.6107383
1541275.1677852
1546308.7248322
1551342.2818792
1556375.8389262
1561409.3959732
1566442.9530201
1571476.5100671
1576510.0671141
1581543.6241611
1586577.1812081
1591610.7382550
1596644.2953020
1601677.8523490
1606711.4093960
1611744.9664430
1616778.5234899
1621812.0805369
1626845.6375839
1631879.1946309
1636912.7516779
1641946.3087248
1646979.8657718
1652013.4228188
1657046.9798658
1662080.5369128
1667114.0939597
1672147.6510067
1677181.2080537
1682214.7651007
1687248.3221477
1692281.8791946
1697315.4362416
1702348.9932886
1707382.5503356
1712416.1073826
1717449.6644295
1722483.2214765
1727516.7785235
1732550.3355705
1737583.8926174
1742617.4496644
1747651.0067114
1752684.5637584
1757718.1208054
1762751.6778523
1767785.2348993
1772818.7919463
1777852.3489933
1782885.9060403
1787919.4630872
1792953.0201342
1797986.5771812
1803020.1342282
1808053.6912752
1813087.2483221
1818120.8053691
1823154.3624161
1828187.9194631
1833221.4765101
1838255.0335570
1843288.5906040
1848322.1476510
1853355.7046980
1858389.2617450
1863422.8187919
1868456.3758389
1873489.9328859
1878523.4899329
1883557.0469799
1888590.6040268
1893624.1610738
1898657.7181208
1903691.2751678
1908724.8322148
1913758.3892617
1918791.9463087
1923825.5033557
1928859.0604027
1933892.6174497
1938926.1744966
1943959.7315436
1948993.2885906
1954026.8456376
1959060.4026846
1964093.9597315
1969127.5167785
1974161.0738255
1979194.6308725
1984228.1879195
1989261.7449664
1994295.3020134
1999328.8590604
2004362.4161074
2009395.9731544
2014429.5302013
2019463.0872483
2024496.6442953
2029530.2013423
2034563.7583893
2039597.3154362
2044630.8724832
2049664.4295302
2054697.9865772
2059731.5436242
2064765.1006711
2069798.6577181
2074832.2147651
2079865.7718121
2084899.3288591
2089932.8859060
2094966.4429530
2100000.0000000
